0.001464717
8.94515E-05
0.012058881
0.002821427
0.00033546
0.00033546
0.000310961
0.000249685
0.565865699
0.009756347
0.068538346
0.137951506
0.438482691
0.699002035
0.018164147
0.018164147
0.250349149
0.250349149
0.066270796
0.066270796
0.123262861
0.010770489
0.023135473
0.000321806
0.000920574
0.000185896
0.001121891
0.00345247
0.000221519
0.002088425
0.000704193
0.000263432
3.4167E-05
0.051227629
0.051227629
0.392321608
0.392321608
0.499595332
0.499595332
4.59263E-05
6.1994E-05
6.1994E-05
0.137750901
0.137750901
0.439714059
0.439714059
0.181803181
0.897886803
0.837052377
0.001150173
0.002260187
0.009611371
0.164377071
0.432313698
0.432313698
0.335395305
0.335395305
0.000742306
0.000971194
0.202423131
0.014030447
0.096538204
0.014030447
0.014030447
0.096538204
0.00366326
0.011860487
3.40349E-05
0.000518666
0.000371205
0.002332048
0.000195256
0.00366326
3.40349E-05
0.000518666
0.00366326
3.40349E-05
0.000518666
0.00366326
0.011860487
3.40349E-05
0.000906277
0.000518666
0.000158014
3.4167E-05
0.000107605
0.000491161
0.000491161
2.31431E-05
3.40349E-05
0.00292493
0.325384872
0.088122582
0.13222884
0.993613966
0.087714287
0.087714287
0.610624851
0.804687432
0.804687432
0.804687432
0.06394981
0.500989799
0.081299176
0.778608019
0.778608019
0.778608019
0.01180338
0.440428028
0.071612371
0.071612371
0.311377611
0.311377611
0.408402278
0.708353684
0.154084817
0.155208553
0.314762965
0.249303676
0.154084817
0.155208553
0.314762965
0.351487038
0.351487038
0.569791036
0.569791036
0.358404535
0.250349149
0.250349149
0.515835224
0.515835224
0.515835224
0.692845126
0.001469661
0.018183492
0.912416609
0.00688588
0.00688588
0.612598318
0.200316035
0.340134057
0.090192893
0.045248231
0.657812318
0.029121883
0.063950547
0.063950547
0.000601374
0.000518666
0.000879738
0.630422426
0.576082842
0.947755295
4.2634E-05
0.004618117
0.009400463
0.575117445
0.882928825
0.426885342
0.210319886
0.105698646
0.347439248
0.048436899
0.048436899
0.889772347
0.6643243
0.45734435
0.522610939
0.107130989
0.057188203
0.057188203
0.073531466
0.002676468
0.002676468
0.002676468
0.308166006
0.407721907
0.407721907
0.067004471
0.067004471
0.355988997
0.355988997
0.355988997
0.081353342
0.081353342
0.081353342
0.084744725
0.084744725
0.123083719
0.031967246
0.031967246
0.62072837
0.62072837
0.62072837
0.634915099
0.238368872
0.067004471
0.210319886
0.210319886
0.210319886
0.056599562
0.056599562
0.056599562
0.123083719
0.847707686
3.40349E-05
4.54838E-05
0.001584655
0.772729053
0.772729053
0.772729053
4.54838E-05
0.108582273
0.772381407
0.275906246
0.26180048
1.63545E-05
0.008958291
3.40349E-05
0.005688164
0.874358762
0.0001297
0.678717124
0.00020943
0.000179485
0.045767296
0.045767296
0.58273851
0.58273851
0.000645232
0.000645232
0.000123919
0.000183797
0.001983318
0.000645232
0.000645232
0.000123919
0.000183797
0.001983318
0.000123919
0.001983318
0.000158014
0.093460914
0.093460914
0.000158014
0.000158014
0.001572466
0.001572466
0.001572466
0.001572466
0.001572466
0.001572466
0.466797099
0.466797099
0.162657206
0.250349149
0.954473501
0.500238951
0.038776542
0.001107269
0.032341011
0.032341011
0.003258565
0.052832961
0.026598165
0.000117578
0.040814827
7.55773E-05
0.000325377
0.010770489
0.010770489
0.010770489
0.001240777
0.001240777
3.4167E-05
0.019739084
0.019739084
0.019739084
0.272452152
6.37816E-05
0.080732269
0.000185501
2.91828E-05
5.85016E-05
2.31431E-05
1.60823E-05
0.011961549
2.31431E-05
0.436160634
0.954818235
0.85272893
2.29269E-05
0.003673393
2.29269E-05
1.97358E-05
3.40349E-05
0.000940874
0.00061816
2.29269E-05
0.000698397
0.00016112
7.15467E-05
1.83732E-05
3.40349E-05
0.00040198
0.001741828
3.40349E-05
0.001741828
6.56147E-05
6.03906E-05
2.1353E-05
0.000105097
0.000172468
5.82841E-05
8.09545E-05
7.55773E-05
5.82841E-05
8.09545E-05
7.55773E-05
0.417773764
0.000310961
7.00685E-05
0.002542566
0.013179447
0.046380385
0.030352898
0.14490496
0.387774455
0.046380385
0.14490496
0.000310961
7.00685E-05
0.00686367
0.004112098
0.003116307
0.000277666
2.58883E-05
2.31431E-05
6.12663E-05
0.054588744
0.095827489
0.355577929
0.771540885
0.088719366
0.439247114
0.439247114
0.784650099
0.784650099
0.236447703
0.236447703
0.109687188
0.109687188
0.903629235
0.004071345
0.00280534
0.000174056
4.81944E-05
1.30354E-05
0.073899676
0.015819145
0.169564203
0.209727658
0.010626451
0.034874456
0.194841834
0.015181494
0.015181494
0.015181494
0.015181494
0.015181494
0.015181494
0.008818581
0.000855984
7.20021E-05
0.000232092
0.428457568
0.428457568
7.81342E-05
7.81342E-05
0.001973931
0.000374005
0.002747451
7.81342E-05
0.022888498
0.001636498
0.058746822
0.003020241
0.19265169
0.137980567
0.660362732
0.542597099
0.156155963
0.944232915
0.056623492
0.056623492
0.056623492
0.8599548
0.8599548
0.8599548
0.753482218
0.753482218
0.753482218
0.542597099
0.156155963
0.944232915
0.542597099
0.156155963
0.542597099
0.156155963
0.223602547
0.186139879
0.861927734
0.004129127
0.52002286
0.441574131
0.52002286
0.881308647
0.000756043
3.09323E-05
0.000114343
0.000134841
0.037693084
0.001182105
0.000797547
0.000797547
0.427284125
0.134617745
0.134617745
0.912416609
0.76656856
0.76656856
0.76656856
0.000348798
0.000348798
0.002765642
0.046366551
0.605443693
0.68645654
0.013135982
0.004007246
0.004007246
0.004007246
0.000241614
0.000241614
0.889169667
0.329332615
0.009743864
0.027873609
0.25477157
0.489071819
0.347300085
0.000378636
0.001445984
0.000100402
0.029952146
0.163225441
0.065234491
0.433663522
0.715551999
0.176081014
0.000355925
0.064884569
0.493965686
0.875131203
0.597113745
0.493965686
0.597113745
0.493965686
0.267726692
0.000253476
0.145917767
0.375441571
4.54838E-05
0.857856334
0.857856334
0.216309562
0.103694486
0.030180367
0.000549181
0.000549181
0.095224205
0.356769808
0.356769808
0.356769808
0.438903554
0.023207209
0.449638595
0.108297842
0.064433738
0.113741217
0.180115136
0.115743101
0.24659427
0.24659427
0.663435051
0.663435051
0.882928825
0.530907045
0.015629435
0.514652142
0.514652142
0.921351041
0.17345966
0.17345966
0.17345966
0.867736296
0.945105907
0.624616718
0.934553613
0.934553613
0.0001297
0.050491522
0.050491522
0.050491522
0.894403877
0.894403877
0.006596769
0.006596769
0.006596769
4.94077E-05
0.044531961
0.176600845
0.758114853
0.000507875
0.280319531
0.000182237
0.436491597
0.075098075
0.031306271
0.141209582
0.648419791
0.648419791
0.193250233
0.193250233
0.54366417
0.54366417
4.79554E-05
2.58035E-05
0.000437788
0.000133972
0.034067057
4.16699E-05
0.012372075
0.000407519
7.34606E-05
8.73275E-05
0.000321022
0.000147651
3.05973E-05
5.85016E-05
0.000917452
0.082465867
0.000941787
3.67582E-05
5.58366E-05
0.000252184
0.000447901
3.40349E-05
0.001859075
0.000401361
8.16054E-05
8.16054E-05
8.16054E-05
8.16054E-05
0.000505185
0.388864193
0.052011399
0.000323664
0.00041712
0.00041712
0.466797099
0.466797099
0.121117445
0.121117445
2.08101E-05
2.76652E-05
2.08101E-05
0.606042312
0.033737636
0.233321895
0.085130119
0.473362617
0.507435293
0.166270055
0.000114343
0.013145879
0.000148022
8.57705E-05
0.000199952
4.79265E-05
3.4167E-05
0.000125145
0.000816356
0.00313754
0.097411388
0.097411388
6.70996E-05
0.000315062
0.000197367
7.92144E-05
4.54838E-05
0.097411388
0.097411388
0.000138528
6.71979E-05
0.095114058
0.004992721
0.000589299
0.001121891
0.007108033
0.009030712
0.006653334
0.001988492
0.001988492
0.010189557
0.125276485
0.088732162
0.017805472
0.017805472
0.017805472
0.446112932
0.446112932
0.024801559
0.006488124
0.772047576
0.227227606
0.102527466
0.813677676
0.001277041
0.015888399
0.015888399
0.13418452
0.13418452
0.13418452
0.610375425
0.610375425
0.610375425
0.025020108
0.408948136
0.261626705
0.264236792
0.699760077
0.534374422
0.577393037
0.206421112
0.803040573
0.348002085
0.269421666
0.162111119
0.339473731
0.339473731
0.714673316
0.364211587
0.364211587
0.530513871
0.530513871
0.278000322
0.278000322
0.862239527
0.951441383
0.375947619
0.375947619
0.046855426
0.046855426
0.164655315
0.164655315
0.164655315
0.102730182
0.001118786
0.001118786
0.001118786
1.60823E-05
0.062665471
0.000202196
0.000383772
0.000238217
3.12031E-05
0.712809066
0.90271619
0.813451048
0.772381407
0.445907095
0.445907095
0.279487005
0.279487005
0.545456922
0.545456922
0.545456922
0.497312797
0.210024352
0.567310931
0.853968835
0.853968835
0.853968835
0.002705278
0.015802914
0.015802914
0.015802914
0.015802914
0.00019401
0.796347059
0.796347059
0.796347059
0.796347059
0.372681657
0.665523879
0.665523879
0.665523879
0.055270879
0.791323065
0.791323065
0.945152967
0.372681657
0.354469714
0.354469714
0.055061371
0.055061371
0.055061371
0.791323065
0.347248744
0.712350244
0.012372075
0.78939245
0.560300237
0.079986227
0.079986227
0.437944221
0.05679268
0.05679268
0.551013204
0.551013204
3.40349E-05
2.14628E-05
0.384000237
0.808163573
0.808163573
0.808163573
0.940534836
0.889389071
0.843864138
0.843864138
0.762736264
0.762736264
0.940534836
0.665628622
0.764881322
0.594340743
0.400990521
0.772796427
0.772796427
0.800540498
0.437944221
0.672629684
0.809978668
0.000814387
0.001900126
0.01392678
0.665523879
0.975359846
0.00308243
0.000416706
0.771464144
0.003336157
9.40127E-05
9.40127E-05
0.16356442
0.428380605
0.428380605
0.358502294
0.209413736
0.868518882
0.00779642
0.478689735
6.67807E-05
0.007342133
3.40349E-05
1.92593E-05
2.24563E-05
0.000182257
2.75035E-05
6.67807E-05
5.85016E-05
6.67807E-05
5.85016E-05
6.67807E-05
0.397799263
0.894403877
0.346092256
0.029397468
0.411472196
0.52024594
0.238903935
0.098065459
0.098065459
0.079880189
0.001570757
7.84099E-05
0.002676468
0.000351775
0.001054286
0.000612238
0.002991794
0.028684363
0.148123301
0.003201199
0.000512057
0.000512057
0.102707546
0.102707546
0.002676468
0.002991794
0.148123301
0.003201199
0.421942859
9.43663E-05
0.962492158
0.349399947
0.32279547
0.826756622
0.001301025
4.35045E-05
4.35045E-05
4.35045E-05
1.60823E-05
4.98804E-05
4.98804E-05
4.98804E-05
0.008791459
0.008791459
0.008791459
0.028240099
0.028240099
0.028240099
0.000167141
0.047162749
0.347248744
7.55773E-05
0.05247172
0.517468676
0.103607234
0.697223585
0.507435293
0.507435293
0.517908931
0.517908931
0.110816177
0.751150476
0.185105473
0.665523879
0.379696116
0.019345145
0.817784472
0.451792477
0.019345145
0.817784472
0.451792477
0.721413491
0.467346638
0.467346638
0.264236792
0.446667813
0.512335124
0.512335124
0.516039719
0.516039719
0.906017021
0.011707498
0.011707498
0.011707498
0.532631323
0.660100886
0.37044724
0.251616326
0.028571649
0.133668359
0.791677823
0.791677823
0.791677823
0.019547832
0.541116528
0.028571649
0.160385444
0.044608614
0.227227606
0.013265587
0.008445349
0.007443971
0.016346704
0.000888505
0.000103292
0.005797114
0.026546791
0.000426444
0.000908192
0.006013347
3.4167E-05
0.051591501
0.002364081
0.000233767
0.051591501
0.000233767
0.0003016
0.002828193
0.968763792
1.60823E-05
0.000320045
1.60823E-05
0.107976885
0.695642312
0.528166022
0.387774455
0.041863742
0.106517962
0.022485696
1.63545E-05
0.00118449
4.63545E-05
0.000232371
0.05569631
0.008139362
0.800400563
1.85264E-05
0.065394355
0.013465813
0.065394355
0.459931124
0.204869827
0.204869827
0.204869827
0.772992146
0.772992146
2.29269E-05
0.000221586
0.007856635
0.500369977
0.872123877
0.293264951
0.293264951
0.000235127
0.00016061
0.007689377
0.307042689
0.09663745
0.413652887
0.294458935
0.855458451
0.39295896
0.161593806
3.09323E-05
0.016542536
0.000706219
0.30173488
3.46177E-05
0.002811739
0.057516932
0.004309465
0.000179485
0.000179485
0.000268716
0.000667395
0.000179485
0.000179485
0.02191185
0.003116307
0.000415608
0.007616395
0.007616395
0.000846179
0.000721105
0.053571145
0.019895246
0.001711288
0.346368341
0.013641571
0.003048318
0.003048318
0.016850981
0.016850981
0.541979022
0.541979022
0.001504646
0.010664988
0.001881772
0.843864138
0.843864138
0.206841974
0.288543732
0.772381407
0.346241989
0.346241989
0.3735237
0.3735237
0.332908889
0.65969171
0.65969171
0.812060959
0.518141192
0.045115249
0.00174065
0.551013204
0.518141192
0.045115249
0.147034816
0.147034816
0.34975643
0.22556001
0.203364994
0.149219165
0.105319975
0.198924775
0.583394584
0.198924775
0.583394584
0.438903554
0.315472658
0.517468676
0.900081431
0.32279547
0.949551438
0.034390571
0.034390571
0.034390571
0.000630295
0.007108033
0.085370726
0.085370726
0.377579166
0.449638595
0.192494651
0.843864138
0.870574586
0.870574586
0.943219244
0.943219244
0.943219244
0.003907921
0.017187412
0.057327969
0.158720909
0.015181494
0.015181494
0.002975135
0.073312084
0.007746313
0.000383356
0.001660169
0.001660169
4.35045E-05
5.82841E-05
1.60823E-05
1.60823E-05
0.170537475
0.060851404
0.002673998
0.001182105
0.089276939
0.005908786
0.002067842
0.003854102
0.043768566
0.000612769
0.002304142
0.397110291
0.826756622
0.933621518
0.576643386
0.933621518
0.291043029
0.913764329
0.659371421
0.000249685
0.013782138
0.028324626
0.058869413
0.142108246
0.439247114
0.020673394
0.003860085
0.000602153
0.000602153
0.000634082
0.013907145
0.013907145
0.001539984
0.011386849
0.003180961
8.33672E-05
0.000416061
0.000243519
0.018975223
0.000243519
0.018975223
0.000386354
0.000643221
0.058388881
0.000513458
0.000149627
0.001382848
0.001403803
0.002126107
0.028859047
0.001403803
0.002126107
0.028859047
0.001539984
0.001468326
0.000603718
0.003180961
8.33672E-05
0.001121673
0.000286427
0.006596769
0.187563831
0.187563831
0.006821785
0.03410724
0.113532629
0.403779581
0.004849958
0.746759957
0.746759957
0.126339088
0.019555117
0.000389407
0.002618358
4.55517E-05
9.71257E-05
0.00028685
0.00248021
0.032341011
0.377579166
0.028937164
0.004362124
0.00101674
0.807675802
0.807675802
0.001961977
0.001961977
0.001961977
0.160028231
0.446112932
0.446112932
6.80578E-05
0.002695273
0.472658674
0.327280814
0.016881176
0.472658674
0.327280814
0.016881176
0.002139221
0.129748152
0.129748152
0.647612395
0.013489835
0.056710213
0.013398037
0.013398037
0.000317344
0.000317344
0.032520644
0.032520644
0.147314961
0.147314961
0.214648766
0.214648766
0.787308662
0.590584682
0.590584682
0.646737962
0.646737962
0.001438001
0.699671485
0.983427954
0.046746849
0.103500733
0.03179999
0.000104272
3.4167E-05
0.395127922
0.138050149
0.094445501
0.094445501
0.235432958
0.006368628
0.006368628
0.006368628
0.494847521
0.028519398
0.626072977
0.159249434
0.159249434
0.713071989
0.251616326
0.249260369
0.07138546
0.083451768
0.261626705
0.261626705
0.57215084
0.036646247
0.007313624
0.001530814
5.14256E-05
0.000798538
0.134803465
0.001030849
0.952870585
0.64196525
0.061549641
1.29183E-05
2.58035E-05
0.01587567
0.12626708
0.000267257
0.000267257
0.000629794
0.000407519
0.000569911
0.000569911
0.014030447
0.014030447
0.007478402
0.963542883
0.517468676
0.719103763
0.719103763
0.719103763
0.659922547
0.724675898
0.724675898
0.829764759
0.716386761
0.640831592
0.274115646
0.190818917
0.000245423
0.000245423
0.000609077
0.01180338
4.50271E-05
0.01180338
3.4167E-05
0.000143986
6.99458E-05
9.03331E-05
0.000243519
7.20021E-05
0.000548228
0.0001297
0.237012008
0.881180675
0.14050236
0.14050236
0.948453991
0.948453991
0.741201841
0.741201841
0.678026771
0.678026771
0.708353684
0.708353684
0.009565556
0.066130268
0.066130268
0.066130268
0.066130268
1.82638E-05
1.82638E-05
0.655418263
0.289772706
0.1186847
0.177837184
0.541979022
0.541979022
0.022077256
0.022077256
0.319863102
0.319863102
0.319863102
0.319863102
0.319863102
0.319863102
0.335857441
0.335857441
0.335857441
0.021180595
0.021180595
0.021180595
0.705061124
0.705061124
0.514181785
0.514181785
0.193954413
0.193954413
0.117772104
0.640761481
0.640761481
0.19265169
0.19265169
0.264275829
0.264275829
0.213591046
0.213591046
0.824023393
0.824023393
0.824023393
0.824023393
0.824023393
0.824023393
0.451792477
0.451792477
0.451792477
0.057176496
0.057176496
0.057176496
0.269932915
0.269932915
0.332305444
0.332305444
0.215867123
0.215867123
0.464649145
0.21661528
0.604997407
0.003951175
0.001520064
7.81342E-05
7.81342E-05
7.5148E-05
0.004206032
0.008555126
1.63545E-05
0.000200918
0.000200918
6.97567E-05
0.000958366
0.000125145
0.000109242
6.97567E-05
0.000958366
0.000125145
0.000419429
0.006354129
0.008046549
0.008046549
5.82818E-05
5.82818E-05
0.001442942
0.000314374
0.000101898
0.158917544
3.46177E-05
7.85757E-05
0.000351775
0.008643302
0.008643302
0.008643302
0.008643302
1.60823E-05
0.017320821
0.000253476
0.005617818
4.54838E-05
4.54838E-05
0.000574486
0.000267257
0.03348918
0.103105785
0.311426259
0.311426259
0.045519088
0.004534342
0.002194035
0.592492164
0.575746748
0.001177147
3.91612E-05
0.00028685
0.00028685
0.000163419
0.000163419
0.03152503
0.03152503
0.031214303
0.031214303
0.001177147
3.91612E-05
0.001177147
3.91612E-05
0.00028685
0.00028685
0.385123581
0.23326023
0.322627099
0.836798384
0.329525344
0.001824612
0.002509772
0.001824612
0.001824612
0.61088834
0.567310931
0.638192083
0.743189622
0.743189622
0.743189622
0.158765302
0.158765302
0.158765302
0.158765302
0.158765302
0.158765302
0.602679981
0.09327919
0.04385491
0.04385491
0.06235874
0.06235874
0.225503224
0.225503224
0.19831349
0.83616383
0.19831349
0.19831349
0.19831349
0.474619806
0.19831349
0.164280747
0.164280747
0.790227549
0.949723076
0.482535841
0.452165955
0.219082377
0.25298268
0.25298268
0.19831349
0.784650099
0.202423131
0.739393003
0.739393003
0.794684201
0.794684201
0.474619806
0.28598544
0.19831349
0.26457307
0.19831349
0.13783881
0.172187079
0.044291692
0.746759957
0.103630886
0.005120947
0.001206363
0.001206363
0.004362124
0.003054008
0.003054008
0.001131552
3.40349E-05
0.01322996
5.69794E-05
0.001327667
0.001327667
0.387774455
0.311426259
0.813660219
0.813660219
0.321280837
0.474619806
0.474619806
0.02297394
0.640761481
0.243458902
0.000347021
0.000347021
0.642992178
0.383862299
0.933621518
0.421942859
0.837021944
0.021271993
0.03283667
0.03283667
0.881308647
0.403326927
0.256344231
0.042948635
0.720484978
0.302808975
0.002285776
0.174481257
0.010412237
0.403326927
0.256344231
0.302808975
0.002285776
0.174481257
0.003365644
0.940534836
0.653725212
0.746759957
0.569099863
0.265960199
8.16054E-05
0.000940874
0.000940874
0.234232675
0.234232675
0.009409659
0.000323664
0.000138826
0.001080757
0.553005434
0.001586716
0.001586716
0.00144966
0.001234784
0.05262957
0.05262957
0.311240153
0.00086413
0.000200943
0.328147284
0.781000309
0.359172662
0.162365077
0.000200422
0.095336882
0.046702853
0.130431298
0.388239324
0.685953731
0.685953731
0.00185745
9.15699E-06
0.000932778
0.021980348
3.4167E-05
0.003807351
0.998456061
0.005145941
0.440121674
0.440121674
0.126362903
0.173151396
0.147224582
0.008445349
6.37816E-05
0.203578059
0.203578059
0.000233767
0.000233767
0.182819888
0.182819888
0.00025063
0.064873854
0.016834644
0.016834644
0.016834644
0.245476221
0.010310167
0.003484916
0.003484916
0.007442867
0.007442867
0.000563087
0.000879738
0.019916097
0.019916097
6.58393E-05
0.005223823
0.000669024
0.006930207
0.00121966
0.054516821
0.010402438
0.005990022
0.005990022
0.00688588
0.00688588
0.354089804
0.354089804
0.000932778
0.001570757
0.000696619
0.000696619
0.000696619
0.344400882
0.344400882
0.958142402
0.555807462
0.555807462
0.080525791
0.080525791
0.827187387
0.025748432
0.025748432
0.025748432
0.742066292
0.001956853
0.001956853
0.001956853
0.221062758
0.221062758
0.221062758
0.221062758
0.221062758
0.221062758
0.612598318
0.612598318
0.106295501
8.97877E-05
0.000748869
0.487917494
0.002618358
0.000175434
0.000616559
0.000616559
0.000215572
0.003061555
0.000590842
0.40872339
0.40872339
0.40872339
0.000144403
0.000144649
0.48578574
0.223602547
0.000831479
7.40296E-05
0.035248808
0.002964508
0.000175652
0.000740107
0.015181494
0.00191136
0.000610599
0.000356505
0.01333742
0.004832882
0.579825079
0.579825079
0.000690507
6.1678E-05
0.337139131
0.108984296
0.002854187
0.002854187
0.002854187
0.002854187
0.002854187
0.002854187
0.853657612
0.853657612
0.066345358
0.080918952
0.610213161
0.610213161
3.46177E-05
2.56428E-05
3.4167E-05
0.000102558
0.000294197
3.40349E-05
0.640761481
0.725639633
0.025029544
0.414304823
0.414304823
0.032748409
0.379962062
0.677861555
0.886822216
0.257065307
0.871043163
0.454536526
0.393797979
0.863695708
0.863695708
0.104870174
0.104870174
0.003166855
0.837052377
0.454536526
0.000680066
1.60823E-05
4.54838E-05
0.41379878
0.109013044
0.014067724
0.441045915
0.136965034
0.857717568
0.008712432
0.490233485
0.115100333
0.115100333
0.39416177
0.39416177
0.522327791
0.522327791
0.180537418
0.043355276
0.534374422
0.046706851
0.29870936
0.000154221
0.791323065
0.791323065
0.566625604
0.127535398
0.434328551
0.647049382
0.046706851
0.364211587
0.79811829
0.759642801
0.093977409
0.759642801
0.091269656
0.091269656
0.201408431
0.201408431
0.299459917
0.299459917
0.018001696
0.00025063
0.000531676
0.000531676
0.392255971
0.392255971
0.356434067
0.356434067
0.024549523
0.001342703
8.16054E-05
0.000272792
0.000151396
0.006774841
0.000891736
0.000416061
0.001296407
0.608438174
0.03274737
0.03274737
0.4456165
0.001490702
0.001490702
0.001490702
0.03274737
0.738518821
0.000549181
0.000549181
0.038358072
0.000257473
0.812097291
0.043453426
3.62415E-05
0.0001297
0.000199952
3.4167E-05
3.62415E-05
0.000294197
0.000707612
0.328459102
0.328459102
0.294767916
0.560300237
0.014740919
0.005001013
0.353410279
0.000212776
0.802090473
0.334684912
0.005502691
0.005502691
0.678567047
0.1961615
0.1961615
0.23375177
0.23375177
0.678567047
0.014045373
0.56348514
0.56348514
0.56348514
0.754287366
0.125025175
0.125025175
0.482535841
0.210805197
0.210805197
0.017608608
0.039812774
0.129009075
0.24659427
0.01927531
0.901791209
0.550343339
0.084510483
0.255959034
0.226818379
0.489071819
0.038392259
0.104653505
0.104653505
0.136965034
0.411187821
0.804946309
0.804946309
0.000104969
7.40296E-05
0.587406194
0.587406194
0.000748402
0.000373082
0.00057236
0.00015185
7.84099E-05
7.84099E-05
0.000368176
4.98382E-05
0.000239439
7.85757E-05
4.98382E-05
0.000239439
7.85757E-05
8.16054E-05
0.000281992
1.62277E-05
0.581274345
0.543718839
0.543718839
0.833813932
0.833813932
0.028585719
0.028585719
0.000197367
0.000163137
0.00148892
0.000310961
0.00101674
0.000199413
0.00292493
0.000196308
0.02442273
0.013265587
0.000124506
0.000124506
2.51149E-05
0.000224047
0.001366001
3.40349E-05
3.40349E-05
1.30354E-05
3.40349E-05
3.40349E-05
0.003709575
0.000890801
6.99458E-05
0.024192788
0.210805197
0.962390509
0.994924856
0.127535398
0.516829985
0.004929499
0.003401301
0.213168523
0.0747295
0.257726374
0.007711604
0.010487978
0.053033872
0.027714683
0.901791209
0.103500733
0.019013248
0.010894221
4.95676E-05
0.620647848
0.023270277
0.023270277
0.505686296
0.152590885
0.51446886
0.51446886
0.4864732
0.367934766
0.367934766
0.367934766
0.587925269
0.587925269
0.587925269
0.612598318
0.612598318
0.612598318
0.258825438
0.258825438
0.83616383
0.83616383
0.284791053
0.284791053
0.000846179
0.001197082
0.003544187
0.025138218
0.003544187
0.025138218
0.000892434
0.000892434
5.53763E-05
7.43265E-05
2.25232E-05
0.280426957
7.43265E-05
2.25232E-05
0.269075007
0.000168795
1.88503E-05
0.105698646
0.000356505
0.001468326
0.001468326
0.001468326
0.003709575
0.007662286
0.013564216
0.057372754
0.009333367
0.094096262
0.067747516
0.006292295
0.019555117
0.081998306
0.005461004
0.054929483
0.054929483
0.054929483
0.000170455
0.000157641
0.000610599
0.114859362
0.554250802
0.33297326
0.945105907
0.945105907
0.000179485
0.001044975
3.26249E-05
0.000233468
0.001584655
0.001584655
0.040979227
0.040979227
0.202920817
0.202920817
0.592492164
0.592492164
0.037822627
0.037822627
0.677008498
0.677008498
5.46897E-05
0.000243519
0.018975223
0.000676867
0.001717166
6.16727E-05
0.00067224
0.090422742
0.550021414
0.773209729
0.535609726
0.064691975
0.704880397
0.610284608
0.610284608
5.4904E-05
9.09773E-05
3.4167E-05
0.002304142
0.467437348
0.467437348
0.467437348
0.467437348
0.467437348
0.467437348
0.467437348
0.051330059
0.763041185
0.763041185
0.763041185
0.763041185
0.763041185
0.763041185
0.763041185
0.763041185
0.763041185
0.763041185
0.763041185
0.763041185
0.763041185
0.763041185
0.763041185
0.763041185
0.763041185
0.763041185
0.763041185
0.763041185
0.524676796
0.524676796
0.524676796
0.524676796
0.524676796
0.524676796
0.524676796
0.524676796
0.524676796
0.524676796
0.47237225
0.04112761
0.04112761
0.04112761
0.04112761
0.04112761
0.467437348
0.467437348
0.467437348
0.467437348
0.467437348
0.467437348
0.467437348
0.467437348
0.467437348
0.467437348
0.467437348
0.467437348
0.467437348
0.467437348
0.467437348
0.467437348
0.467437348
0.467437348
0.467437348
0.467437348
0.467437348
0.467437348
0.467437348
0.467437348
0.467437348
0.467437348
0.467437348
0.467437348
0.467437348
0.467437348
0.467437348
0.467437348
0.467437348
0.467437348
0.467437348
0.763041185
0.763041185
0.763041185
0.763041185
0.763041185
0.763041185
0.763041185
0.763041185
0.763041185
0.763041185
0.763041185
0.763041185
0.763041185
0.763041185
0.763041185
0.763041185
0.763041185
0.763041185
0.763041185
0.763041185
0.763041185
0.763041185
0.763041185
0.763041185
0.763041185
0.763041185
0.763041185
0.763041185
0.763041185
0.763041185
0.763041185
0.763041185
0.763041185
0.763041185
0.524676796
0.524676796
0.524676796
0.524676796
0.524676796
0.524676796
0.524676796
0.524676796
0.524676796
0.750151959
0.750151959
0.750151959
0.750151959
0.750151959
0.750151959
0.750151959
0.750151959
0.467437348
0.467437348
0.467437348
0.467437348
0.467437348
0.467437348
0.467437348
0.467437348
0.051330059
0.051330059
0.051330059
0.051330059
0.051330059
0.051330059
0.051330059
0.051330059
0.051330059
0.051330059
0.051330059
0.051330059
0.524676796
0.524676796
0.524676796
0.524676796
0.524676796
0.524676796
0.524676796
0.524676796
0.524676796
0.524676796
0.524676796
0.750151959
0.750151959
0.945152967
0.020876187
0.319821843
0.319821843
0.319821843
0.319821843
0.644052453
0.644052453
0.644052453
0.644052453
0.644052453
0.644052453
0.644052453
0.489071819
0.489071819
0.489071819
0.489071819
0.489071819
0.319821843
0.319821843
0.319821843
0.319821843
0.644052453
0.644052453
0.644052453
0.489071819
0.489071819
0.489071819
0.644052453
0.319821843
0.489071819
0.085929344
0.841964118
0.467437348
0.264557576
0.467437348
0.051330059
0.003763096
0.161792149
0.001023508
0.009899133
0.001500406
0.001500406
0.001579821
0.020101055
0.00126562
0.017747635
0.005502691
0.002181
0.000465395
0.00527369
6.99458E-05
6.99458E-05
6.99458E-05
6.99458E-05
0.000100402
6.99458E-05
6.99458E-05
9.71257E-05
7.37997E-05
3.63699E-05
2.56428E-05
3.40349E-05
3.63699E-05
3.40349E-05
3.63699E-05
4.98804E-05
4.98804E-05
0.000118312
0.017588844
7.20021E-05
1.83732E-05
2.91828E-05
0.000341974
0.137980567
0.137980567
3.4167E-05
3.4167E-05
0.000341974
5.00101E-05
1.60823E-05
7.40296E-05
0.001548573
0.001548573
0.000286376
6.99458E-05
0.003585421
0.000145351
0.033335095
0.402729665
0.402729665
0.00142239
0.002859477
0.001554332
0.000297778
3.40349E-05
0.455728064
0.007839855
0.002064035
0.000579572
0.000897584
0.007839855
0.002064035
0.000579572
0.000897584
0.000100573
0.100657415
0.00040034
0.087024657
0.087024657
0.000100326
0.00013029
0.02142627
0.011992966
0.000118312
0.001257026
0.009775739
0.005763225
0.000609159
0.000114029
0.005120357
0.000114029
0.005120357
0.000747258
0.000114029
0.023770936
0.000114029
0.023770936
0.000114029
0.000284168
4.85898E-05
2.49197E-05
0.000173101
0.000103292
4.85898E-05
2.49197E-05
0.000173101
0.000103292
0.001515366
0.004929499
0.001332399
0.001332399
0.001872257
0.001872257
0.001332399
0.001332399
0.001872257
0.001872257
0.000103292
0.000103292
9.09773E-05
4.94077E-05
7.20021E-05
1.63017E-05
2.54083E-05
0.001080738
0.000138173
0.000542341
9.02505E-05
0.306017514
0.306017514
0.377579166
0.875131203
0.875131203
0.574987806
0.003481904
0.556175147
0.418659806
0.418659806
0.261626705
0.088732162
0.026201453
0.026201453
0.026201453
0.102527466
0.930045547
0.913578135
0.422604835
0.199762328
0.025829467
0.350048378
0.350048378
0.579097243
0.110951539
0.050719548
0.034031266
0.020171259
0.228593882
0.334165307
0.236863579
0.306160102
0.000541095
0.000496885
0.000142072
0.001332399
0.001332399
0.001872257
0.001872257
0.000166153
0.024700123
0.136920554
0.354321821
0.018746112
0.85335801
0.000299209
0.073363607
0.495427662
0.443158582
0.054402501
0.054402501
0.147862888
0.147862888
3.4167E-05
0.049513029
0.00092341
0.000966228
0.700220575
0.700220575
0.000370529
0.000370529
0.00241727
0.00241727
0.00241727
0.000485581
0.008555126
0.008555126
0.367934766
0.000611431
0.014996597
0.00261456
0.013837054
0.003463617
0.467346638
0.168125851
0.267423956
0.267423956
0.119632357
0.257131503
0.257131503
0.123496864
0.123496864
0.05033789
0.024383749
0.606408571
0.587239258
0.587239258
0.522008417
0.459141583
0.607794524
0.015181494
0.015181494
0.576953702
0.906305102
0.464429142
0.392255971
0.392255971
0.862079827
0.455728064
0.043436581
0.043436581
0.089737221
0.754451935
0.286880502
0.286880502
0.119441707
0.590064085
0.14490496
0.403779581
0.864639447
0.864639447
0.14662311
0.049513029
0.049513029
0.250074816
0.086168416
0.086168416
0.376667564
0.569052897
0.592492164
0.43613202
0.43613202
0.112907221
0.112907221
0.368770766
0.368770766
0.704759148
0.704759148
0.975312199
0.85335801
0.524676796
0.524676796
0.809373704
0.809373704
0.509583361
0.807675802
0.221278232
0.221278232
0.221278232
0.108297842
0.019739084
0.019739084
0.038126866
0.038126866
0.231354287
0.231354287
0.082263462
0.148043424
0.24107716
0.689533068
0.073770572
0.073770572
0.435194667
0.435194667
0.24107716
0.689533068
0.764028563
0.164161246
0.729704752
0.69298092
0.000132838
0.000132838
1.60823E-05
0.000191078
0.000145351
0.154662803
0.001973863
0.284990911
0.039691737
0.059808668
0.907839581
0.007174247
0.001320618
0.015412253
0.001470854
0.002745667
0.000286427
0.001564923
0.000249685
0.004964018
0.000249685
0.000143193
0.054838039
0.205848977
0.205848977
0.807675802
0.817634267
0.917624774
0.917624774
0.016996646
0.016996646
0.010718286
0.010718286
0.174019053
0.174019053
0.267905912
0.364398377
0.170700625
0.026702814
0.026702814
0.705061124
0.229075978
0.612598318
0.612598318
0.747498066
0.58653035
0.037734399
0.463556064
0.076652441
0.618035271
0.105311063
0.095540461
0.028588977
0.018827608
0.018827608
0.018827608
0.018827608
0.321280837
0.321280837
0.764060514
0.764060514
0.256403019
0.256403019
0.307960171
0.307960171
0.509914053
0.509914053
0.509914053
0.712809066
0.054982652
0.842891473
0.794922982
0.147836981
0.272058793
0.272058793
0.022888498
0.080918952
0.080918952
0.086466026
0.85335801
0.914996428
0.914996428
0.387774455
0.387774455
0.387774455
0.561596325
0.048935951
0.048935951
0.048935951
0.098837223
0.098837223
0.098837223
0.098837223
0.098837223
0.098837223
0.107730582
0.107730582
0.107730582
0.106295501
0.106295501
0.106295501
0.925884432
0.925884432
0.054402501
0.054402501
0.012623267
0.195274316
0.195274316
0.279115135
0.279115135
0.561596325
0.464649145
0.251994682
0.703865554
0.038435367
0.885455468
0.885455468
0.113741217
0.113741217
0.03308035
0.03308035
0.824695075
0.824695075
0.703583774
0.703583774
0.753482218
0.753482218
0.221949812
0.221949812
0.553854052
0.553854052
0.646751287
0.344949869
0.348404947
0.163225441
0.674369382
0.253617402
0.253617402
0.646751287
0.344949869
0.348404947
0.915571916
0.137498568
0.730920499
0.432473097
0.432473097
0.432473097
0.044291692
0.396451046
0.719695036
0.39202822
0.960815844
0.857693818
0.857693818
0.895727397
0.895727397
0.895727397
0.069821425
0.069821425
0.59912873
0.59912873
0.59912873
0.328147284
0.900662932
0.519540074
0.711303139
0.141704786
0.141704786
0.141704786
0.452165955
0.079726243
0.079726243
0.006810501
0.26457307
0.122867216
0.001301336
0.001301336
0.003116307
0.000415608
0.000170656
0.007616395
0.007616395
0.000636062
0.000461241
0.082908909
0.610284608
0.126651044
0.467437348
0.467437348
0.538351196
0.002854187
0.002854187
0.550964049
0.088070725
0.08687861
0.313268401
0.313268401
0.045994186
0.196624618
0.084362819
0.084362819
0.084362819
0.422464687
0.066467284
0.471970484
0.002854187
0.002854187
0.326692358
0.007814493
0.007814493
0.007814493
0.09663745
0.765740904
0.765740904
0.00037908
0.202108943
0.578188225
0.843864138
0.921495887
0.796886265
5.19331E-05
0.234032855
0.007480711
0.007480711
0.000950676
0.002516443
5.19331E-05
0.238080501
5.19331E-05
0.238080501
3.4167E-05
0.234032855
0.007480711
0.007480711
0.001080757
0.019221947
0.00040034
0.436491597
0.010311462
0.009069665
0.311740974
0.101311061
0.216496568
0.004206032
0.00017807
0.598072435
0.002332048
3.67582E-05
0.001676515
5.92423E-05
0.026818846
3.67582E-05
0.001676515
0.283404211
0.174815614
0.034465863
0.232501364
0.399604516
0.000209381
0.000689085
0.000554247
7.55773E-05
0.000167731
0.034465863
0.399604516
8.97877E-05
0.378460038
0.000947783
0.034465863
0.399604516
8.97877E-05
0.378460038
0.000947783
0.034465863
0.399604516
0.378460038
0.000947783
0.034465863
0.399604516
0.034465863
0.399604516
0.034465863
0.399604516
0.034465863
0.399604516
0.034465863
0.399604516
0.034465863
0.032215061
0.00126562
0.394528104
0.394528104
0.379966429
0.919525934
0.129748152
0.802704073
0.802704073
0.802704073
0.519540074
0.238903935
0.050021001
0.413541042
0.894883483
0.994924856
0.590064085
0.038660605
0.201345885
0.488359929
0.213024485
0.213024485
0.05058809
0.238429697
0.238429697
0.310742461
0.310742461
0.489071819
0.721427936
0.721427936
0.721427936
0.052715252
0.052715252
0.052715252
0.083451768
0.083451768
0.083451768
0.944121396
0.071626514
0.195274316
0.627651798
0.627651798
0.104749222
0.612825721
0.612825721
0.612825721
0.093922227
0.093922227
0.040814827
0.040814827
0.855383671
0.114614526
0.432473097
0.962390509
0.962390509
0.962390509
0.285552818
0.508245925
0.508245925
0.508245925
0.47119619
0.47119619
0.080770385
0.080770385
0.080770385
0.164043014
0.164043014
0.164043014
0.562562157
0.618182813
0.528166022
0.85335801
0.154753496
0.893562174
0.12719095
0.12719095
0.12719095
0.12719095
0.833835838
0.833835838
0.015724639
0.015724639
0.6643243
0.6643243
0.669470941
0.669470941
0.757459457
0.757459457
0.757459457
0.906305102
0.592492164
0.047770828
0.047770828
0.047770828
0.699002035
0.699002035
0.086221722
0.086221722
0.261626705
0.261626705
0.936109177
0.936109177
0.050491522
0.050491522
0.550343339
0.550343339
0.85335801
0.85335801
0.436491597
0.436491597
0.063829515
0.063829515
0.460014393
0.460014393
0.176930298
0.176930298
0.502089727
0.502089727
0.12719095
0.12719095
0.833835838
0.015724639
0.952870585
0.112907221
0.738518821
0.760650306
0.382219876
0.382219876
0.544986213
0.673522717
0.673522717
0.673522717
0.712809066
0.382219876
0.776412388
0.776412388
0.306160102
0.788307507
0.788307507
0.256436329
0.256436329
0.256436329
0.084362819
0.084362819
0.06478276
0.06478276
0.06478276
0.878524869
0.857717568
0.592492164
0.592492164
0.917013869
0.864639447
0.692238502
0.692238502
0.692238502
0.148491209
0.148491209
0.148491209
0.579097243
0.579097243
0.579097243
0.575746748
0.575746748
0.328459102
0.328459102
0.328459102
0.073351455
0.246293088
0.246293088
0.236248912
0.236248912
0.734148974
0.734148974
0.864639447
0.289688203
0.864639447
9.72885E-05
2.29269E-05
6.24418E-05
0.00073171
0.00035784
0.000188194
0.022013263
0.123083719
0.00174065
0.734111656
0.949551438
0.409080675
0.000325789
0.000325789
0.000140438
0.005948011
2.91828E-05
3.97602E-05
2.91828E-05
3.4167E-05
2.91828E-05
2.91828E-05
0.167819758
0.164280747
0.164280747
0.001459817
0.355577929
0.355577929
0.53190722
0.118537611
0.118537611
0.121453948
0.121453948
0.059966761
0.059966761
0.023789702
0.000426444
0.340273993
0.001584655
0.035292296
0.000716655
0.782876293
0.782876293
0.986253364
0.986253364
0.011529007
0.011529007
0.164748458
0.164748458
0.102532752
0.840847201
0.903814114
0.851139438
0.004615766
0.172523201
0.000374005
0.365568831
0.365568831
0.365568831
0.946598972
0.194041558
0.194041558
0.090700562
0.003537318
0.022679861
0.284205726
0.076859847
0.015494805
2.56428E-05
0.079986227
0.079986227
0.264236792
0.264236792
0.478689735
0.478689735
0.00037541
0.000549181
0.000549181
0.007313624
0.009012125
0.011763374
0.035415943
0.003198039
0.902677836
0.347840225
0.293843052
0.293843052
0.293843052
0.970574716
0.985498322
0.347300085
0.347300085
0.125541606
0.125541606
0.678026771
0.686242794
0.590445578
0.590445578
0.172187079
0.172187079
0.172187079
0.862460885
0.072319657
0.072319657
0.930698164
0.165211708
0.344580426
0.991926721
0.253617402
0.253617402
0.111797474
0.111797474
0.191497559
0.191497559
0.191497559
0.085088932
0.085088932
0.085088932
0.030306178
0.030306178
0.030306178
0.511000139
0.511000139
0.745953824
0.483267741
0.239323925
0.158057247
0.158057247
0.020897482
0.001734517
0.001445984
0.137711348
0.065223924
0.08875097
0.907839581
0.002254171
0.002643893
0.164201049
0.004354271
0.016542536
0.009365756
0.889389071
1.88503E-05
0.000253477
0.415544876
0.27225259
0.000144612
0.000144612
0.045115249
0.004632092
0.004632092
0.742066292
0.742066292
0.742066292
0.742066292
0.742066292
0.742066292
0.274115646
0.274115646
0.274115646
0.326965786
0.123713035
0.123713035
0.123713035
0.903533298
0.812097291
0.021027224
0.489646723
0.824695075
0.004781977
0.076373083
0.256019533
0.067662887
0.974235427
0.027547361
0.590064085
0.742355885
0.499325109
0.114327159
0.114327159
0.024042332
0.032520644
0.032520644
0.130045469
0.130045469
0.430834134
0.430834134
0.775748587
0.775748587
5.82841E-05
0.009396049
0.258067258
0.452165955
0.000166849
0.043871984
0.000871907
0.000828238
0.00468062
0.879738088
0.511746956
0.539369251
0.555377493
0.132872505
0.132872505
0.050335444
0.132872505
0.132872505
0.219082377
0.943633266
0.943633266
0.968218108
0.257562111
0.311504252
0.921351041
0.78259483
0.708776314
0.409792503
0.31658688
0.636245479
0.636245479
0.653725212
0.088106298
0.010759009
0.001566272
0.001584655
0.001584655
0.002854187
0.002854187
0.002854187
0.002854187
0.001566272
0.001584655
0.001584655
0.002854187
0.002854187
0.010668847
0.010668847
9.43621E-05
6.30538E-05
9.09773E-05
0.007589664
0.007589664
0.01101331
0.000651007
0.949475217
0.039757256
0.039757256
0.366617381
0.04017465
0.000636062
0.027215859
2.91828E-05
0.110475841
2.91828E-05
0.110475841
2.91828E-05
0.963022246
0.003688686
5.46897E-05
0.003470066
0.00280488
0.000147651
0.02297394
0.02297394
0.02297394
0.027454792
0.000221586
0.001628785
0.001106079
0.004358871
0.002110751
0.029863212
0.00498882
0.027454792
3.4167E-05
0.002198507
0.006202476
0.000999694
0.001382848
1.30354E-05
0.031240073
0.00201953
0.028516294
0.000509122
0.001814543
5.58366E-05
1.63545E-05
4.81597E-05
0.000115387
7.59127E-05
0.699193989
0.440121674
0.440121674
0.440121674
0.658866502
0.549193989
0.929446922
0.995706449
0.995706449
0.841182753
0.150973449
0.850502528
0.850502528
0.499595332
0.28598544
0.455728064
0.641184724
0.371903102
0.322565829
0.672690989
0.672690989
0.036332709
0.282374937
0.00214774
0.111365344
0.111365344
0.111365344
0.321893509
0.321893509
0.359009245
0.273733517
0.122073222
0.122073222
0.008348262
0.008845678
0.008845678
7.34621E-05
7.34621E-05
7.34621E-05
0.746759957
0.092193042
0.092193042
0.030458054
0.030458054
0.044005061
0.044005061
0.592492164
0.062257484
0.763240407
0.646861457
0.646861457
0.512345483
0.512345483
0.451810037
0.249660926
0.606821206
0.606821206
7.84099E-05
0.824695075
0.824695075
0.022896078
0.323456341
0.162187799
0.560300237
0.608559594
0.052885021
0.052885021
0.524203077
0.004715387
0.734148974
0.009775739
0.85335801
0.045320762
0.000279585
9.02505E-05
0.101898847
0.097638672
0.097638672
0.097638672
0.097638672
0.097638672
0.097638672
0.024271242
0.031095259
0.001536088
0.000191078
0.000157441
0.001080898
0.001128773
0.094382184
0.000272047
0.000798538
0.001080738
0.000378636
0.000764611
0.12719095
0.079834599
0.079834599
0.000348798
0.004619034
0.729461265
0.014517967
0.826756622
0.875451943
0.577393037
0.577393037
0.577393037
0.577393037
0.577393037
0.577393037
0.30173488
0.30173488
0.30173488
0.816192502
0.816192502
0.816192502
0.816192502
0.816192502
0.816192502
0.816192502
0.816192502
0.816192502
0.816192502
0.816192502
0.816192502
0.577393037
0.577393037
0.577393037
0.577393037
0.577393037
0.577393037
0.30173488
0.30173488
0.30173488
0.577393037
0.577393037
0.577393037
0.577393037
0.577393037
0.577393037
0.30173488
0.30173488
0.30173488
0.816192502
0.816192502
0.816192502
0.816192502
0.577393037
0.577393037
0.577393037
0.577393037
0.577393037
0.577393037
0.30173488
0.30173488
0.30173488
0.577393037
0.577393037
0.577393037
0.577393037
0.577393037
0.577393037
0.30173488
0.30173488
0.30173488
0.004983276
0.004983276
0.188647813
0.031024941
0.005809859
0.002956383
0.023242775
0.002008805
0.000578846
0.037734399
0.410252751
0.560300237
0.952684487
0.679655875
0.829219995
0.560300237
0.432232199
0.432232199
0.422101327
0.090113268
0.000321534
0.002695273
0.020507601
0.089469889
0.000102558
0.004832882
0.089469889
0.009917075
0.000102558
0.089469889
0.009917075
0.089469889
0.000102558
0.089469889
0.009917075
0.089469889
0.089469889
0.089469889
0.089469889
0.089469889
0.089469889
0.089469889
0.000102558
0.004832882
0.089469889
0.471967256
0.163388781
0.009917075
6.93326E-05
6.93326E-05
0.002254982
0.025029544
0.002859477
0.042248861
0.008039794
0.008783853
0.006596769
0.004410985
0.26179392
0.00486909
0.001161755
0.064522022
0.479432547
0.182987955
0.192816927
0.560300237
0.771112412
0.004755206
0.000250036
0.03485652
0.000680066
0.626841732
0.026654065
0.000641985
0.118276261
0.017844961
0.000124442
0.013852956
0.186618163
0.186618163
7.11589E-05
0.000266738
0.000281712
0.000413521
4.98382E-05
5.15907E-05
0.009410306
0.000831479
0.086221722
0.143284124
0.143284124
0.672690989
0.014851658
0.150527919
7.55773E-05
0.802090473
0.802090473
0.000249685
0.011953433
0.946373999
0.924060066
3.97602E-05
0.00109877
0.197182692
0.197182692
0.921351041
0.851359389
0.885455468
0.234926203
0.125329061
0.561578069
0.555501686
0.558724835
0.102755322
0.001233825
0.819310952
0.947755295
0.947755295
0.668456055
0.472393188
0.16009008
0.024221772
0.024221772
0.25890862
0.25890862
0.043453426
0.043453426
0.026605456
0.028576296
0.043513023
0.725639633
0.415544876
0.008440081
0.327586589
0.022138996
0.000154906
0.222209486
0.034465863
0.399604516
0.695412974
0.186000191
0.794286095
0.464291493
0.749529713
0.933364527
0.439247114
0.439247114
0.439247114
0.334547096
0.334547096
0.325613276
0.785613707
0.413026657
3.12031E-05
0.000137467
0.000314666
0.000756851
0.000104693
0.002854187
0.002854187
0.064043264
0.064043264
0.000787209
0.005165045
0.005338175
0.000114029
0.000152009
0.001344754
0.018060863
0.06235874
0.004897614
0.008783853
0.194646708
0.000787209
0.001344754
0.004007246
0.00065784
0.00065784
1.60823E-05
0.00065784
1.60823E-05
0.00065784
0.753482218
0.315038953
0.744703571
0.744703571
0.671430504
0.525326218
0.646861457
0.646861457
0.315038953
0.744703571
0.744703571
0.671430504
0.525326218
0.646861457
0.646861457
0.109013044
0.315038953
0.744703571
0.744703571
0.671430504
0.525326218
0.646861457
0.646861457
8.36485E-05
0.342792469
0.014154349
0.002826193
0.000753208
0.000407519
0.00073171
0.004451367
6.03906E-05
0.18139621
0.18139621
0.608438174
0.232263362
0.335857441
0.272497427
0.086999552
0.35254635
0.167044919
0.167044919
0.397110291
0.397110291
0.41921214
0.41921214
0.328147284
0.000367885
0.724638481
0.724638481
0.199542139
0.199542139
0.199542139
0.015351344
0.588614476
0.588614476
0.015351344
0.969964503
0.072820248
0.729699778
0.663770048
0.265457245
0.043453426
0.014030447
0.135752944
0.024271242
0.863695708
0.221949812
0.012466217
0.012466217
0.168937505
0.044985353
0.712809066
0.181531097
0.712809066
0.000111138
0.000796541
0.000229699
0.040814827
0.006944599
0.000277566
3.67582E-05
3.67582E-05
3.67582E-05
3.67582E-05
5.69794E-05
0.002445437
3.67582E-05
3.67582E-05
3.67582E-05
3.67582E-05
0.000351775
0.137375942
0.92537152
0.025343361
0.047636363
0.004793493
0.022679861
0.001147241
0.000286641
0.066999345
0.530859428
0.056103198
0.000495732
0.002853341
0.052942399
0.025489349
0.025489349
0.025489349
0.128017887
0.50132956
0.296794509
0.006575139
0.006575139
0.749345211
0.000407519
0.001203709
0.627150232
0.040730315
0.156280875
0.134873961
0.936109177
0.936109177
0.294268808
0.294268808
0.010678907
0.046746849
0.036098101
0.065649926
0.279268638
0.230407348
0.963281778
0.014513971
0.238903935
0.759252428
0.900574427
0.900574427
0.02565607
0.542597099
0.46056706
0.634783743
0.341936831
0.050491522
0.408948136
0.583490219
0.583490219
0.469446968
0.217430385
0.217430385
0.929130801
0.929130801
0.251994682
0.251994682
0.487803268
0.487803268
0.075420487
0.075420487
0.023972854
0.023972854
0.037714375
0.000379076
0.000379076
9.43663E-05
0.000610599
0.000453031
0.000610599
0.000610599
0.000610599
0.000453031
0.000507472
0.000507472
0.000545902
0.000545902
1.83732E-05
3.40349E-05
3.40349E-05
4.54838E-05
4.54838E-05
0.18158627
0.18158627
0.275939808
0.275939808
0.001277041
0.00107138
0.004266788
0.00107138
0.00107138
3.4167E-05
0.00023648
2.29269E-05
6.70996E-05
0.346241989
0.346241989
0.006189488
0.000382127
0.037528756
0.001172644
6.12663E-05
0.438388551
3.29641E-05
8.33672E-05
6.30389E-05
0.000452578
3.29641E-05
0.000452578
3.29641E-05
0.139559341
0.139559341
0.101128324
0.001601172
0.002585705
0.000308372
0.000308372
0.098854594
0.098854594
0.000561498
9.82446E-05
7.34621E-05
0.745953824
0.964805717
0.964805717
0.62055003
0.488491838
0.488491838
0.488491838
0.680093799
0.073935117
0.209898904
0.002854187
0.002854187
0.002854187
0.002854187
0.009220049
0.009220049
0.006992651
0.291584454
0.086999552
0.086999552
0.219082377
0.219082377
0.833378251
0.929130801
0.929130801
0.251994682
0.251994682
0.487803268
0.487803268
0.833378251
0.679655875
0.679655875
0.864639447
0.864639447
0.833813932
0.833813932
0.086999552
0.086999552
0.219082377
0.219082377
0.929130801
0.929130801
0.251994682
0.251994682
0.487803268
0.487803268
0.722321054
0.25880341
0.72374919
0.72374919
0.72374919
0.722321054
0.25880341
0.811523858
0.811523858
0.729216879
0.929130801
0.929130801
0.251994682
0.251994682
0.487803268
0.487803268
0.113741217
0.113741217
0.326825073
0.326825073
3.63699E-05
6.99458E-05
0.000136437
1.63545E-05
0.001240777
0.001240777
0.001240777
0.001240777
6.1994E-05
0.000407519
0.01674371
0.001882475
0.020283892
0.000731851
0.020283892
0.00251739
3.43622E-05
0.000653781
0.000653781
0.002676468
0.009367499
3.12031E-05
0.001400548
5.46897E-05
0.000393533
0.000393533
0.000393533
0.030644208
0.030644208
0.030644208
0.000216592
0.000216592
0.000216592
2.58035E-05
0.00064537
0.038163474
0.038163474
0.016093182
7.55773E-05
4.79265E-05
0.02657653
0.002626528
0.000565387
0.001604893
0.001604893
0.210319886
0.210319886
0.467669558
0.467669558
0.501447858
0.713071989
0.496150621
0.067053475
0.196581053
0.018590544
0.885047667
0.228099458
0.555117071
0.807885644
0.919433116
0.314762965
0.09850718
0.438365555
0.418513468
0.625035028
0.232827387
0.143613403
0.143613403
0.602679981
0.551013204
0.003714269
0.673330031
0.852306067
0.190424586
0.190424586
0.00026602
0.000610599
0.021613197
6.85864E-05
0.000516442
0.00037541
0.00037541
0.070586498
0.070586498
0.014126696
0.014126696
0.007794884
0.091770495
0.091770495
0.128502911
0.037138077
0.021155225
0.474214083
0.457078991
0.838984076
0.838984076
9.82446E-05
0.332305444
0.031989849
0.036331265
0.062198524
0.417911819
0.007794884
0.007794884
0.047124201
0.047124201
0.26299026
0.26299026
0.461506857
0.308419145
0.308419145
0.765740904
0.696048187
0.696048187
0.814646298
0.024547254
0.024547254
0.024547254
0.882115595
0.262189136
0.354961885
0.19401271
0.419439231
0.164230178
0.007228295
0.007228295
0.000536439
0.007255877
0.02692651
0.041417697
0.051082046
0.427869312
0.001177371
0.64196525
0.936336222
0.936336222
0.019882268
0.019882268
0.026521937
0.026521937
0.281448078
0.348555029
0.863695708
0.085643773
0.299496027
0.299496027
0.000231287
0.000325789
0.000325789
0.000325789
0.000325789
0.000745559
6.24418E-05
0.000140438
0.203618843
0.161226021
0.161226021
0.19831349
0.150527919
0.150527919
0.150527919
0.105833894
0.214918404
0.32567049
0.32567049
0.757459457
0.03791245
0.03791245
0.798924655
0.03791245
0.03791245
0.03791245
0.03791245
0.382372605
0.934504282
0.285336503
0.285336503
0.714840708
0.934504282
0.076206337
0.575216739
0.791323065
0.050748043
0.050748043
0.050748043
0.576643386
0.576643386
0.576643386
0.576643386
0.576643386
0.576643386
0.334165307
0.371426305
0.535451883
0.326825073
0.037031942
0.364211587
0.01392678
0.737357232
0.737357232
0.057014796
0.057014796
0.376667564
0.376667564
0.261626705
0.261626705
0.003351872
0.022238494
0.002332775
5.4904E-05
0.000339779
0.000569911
0.000104626
0.026339422
0.000548038
0.001054286
0.29870936
0.143103954
0.640831592
0.197182692
0.066467284
0.09074171
0.674646165
0.055833358
0.007746313
0.007746313
0.007746313
0.096538204
0.007746313
0.007746313
0.007746313
0.007746313
0.007746313
0.007746313
2.399E-05
0.007746313
0.007746313
0.007746313
0.000253476
0.000253476
0.000253476
0.000109242
0.015528585
0.015528585
0.015528585
0.015528585
2.49197E-05
1.60823E-05
0.000779037
0.008406154
4.54838E-05
0.002064777
8.03723E-05
0.000170455
5.89557E-05
0.000281397
0.000281397
0.745953824
0.745953824
0.833290338
0.833290338
4.54838E-05
0.002064777
0.000890801
5.89557E-05
0.000281397
0.000281397
0.745953824
0.745953824
0.833290338
0.833290338
4.54838E-05
0.002064777
8.03723E-05
0.000170455
5.89557E-05
0.000281397
0.000281397
0.745953824
0.745953824
0.833290338
0.833290338
0.001882475
0.093308986
3.67582E-05
0.002618358
0.093308986
0.002618358
0.018755158
0.007978803
0.007978803
3.43622E-05
0.007978803
0.007978803
3.43622E-05
0.001674085
0.001674085
0.093308986
0.025118073
0.166969743
0.000167731
0.002333435
0.191728261
0.421942859
0.421942859
0.461100339
0.461100339
0.658707686
0.364261747
0.364261747
0.015604671
0.634783743
0.104491502
0.00092465
0.00092465
0.456273783
0.456273783
0.53190722
0.53190722
0.334233522
0.0193121
0.446667813
0.001500406
0.746759957
0.003932466
0.807675802
0.618231691
0.282406005
3.40349E-05
0.023270277
0.002110751
0.021047408
0.000257762
0.823826466
0.144740886
0.000162239
0.000162239
0.009215548
0.532631323
0.532631323
0.532631323
0.434685128
0.434685128
0.010028897
0.010028897
0.434750787
0.015802914
0.015802914
0.015802914
0.064905164
0.06929455
0.00136178
0.113373854
0.058673804
0.772371376
0.767632855
0.835063574
0.791677823
0.22632466
0.086466026
0.000275014
0.00040608
0.00040608
0.006228216
0.000182237
1.82638E-05
3.37415E-05
0.003401301
0.651282033
0.387774455
0.387774455
0.516315049
0.008696086
0.000105097
0.000867071
0.000554247
2.14628E-05
0.981175748
0.00894366
0.000797269
0.006821785
0.004897614
0.000797269
0.223876621
0.000797269
0.223876621
0.009599047
0.335857441
0.136237412
0.681596958
0.958624747
0.533625886
0.533625886
0.264236792
0.264236792
0.089906757
0.750151959
0.750151959
0.199542139
0.199542139
0.417463592
0.417463592
0.598276846
0.598276846
0.467437348
0.467437348
0.746759957
0.870506983
0.983221092
0.561706878
7.85757E-05
0.000145351
0.017805472
0.021787689
0.000540957
0.000540957
0.000100092
1.95325E-05
7.85997E-05
0.023381552
0.039566668
0.000315062
0.000367885
0.001070584
0.000491161
0.004351916
0.000355807
0.000834889
0.066467284
0.000117358
4.09061E-05
0.000179524
0.003154975
0.000321865
0.010730822
0.019648051
0.000177095
5.28995E-05
6.14058E-05
0.000325789
5.29543E-05
5.29543E-05
0.001263074
3.40349E-05
6.92893E-05
0.022189973
0.022189973
0.045440082
0.045440082
0.067555853
0.067555853
0.39202822
0.857693818
0.321280837
0.176234266
0.000785225
0.279408289
0.082785722
0.50104177
0.50104177
0.276748993
0.276748993
0.000585463
0.135568476
0.791323065
0.695420956
0.976977994
0.223026812
0.081178513
0.081928267
0.002968281
0.304131506
0.513713778
0.775250218
0.642992178
0.002968281
0.304131506
0.513713778
0.004015891
0.004015891
0.004015891
0.000365133
0.812097291
0.339637548
0.04755252
0.798494279
0.650315753
0.060587396
0.253318015
0.253318015
0.006945154
0.574546609
0.32867128
0.836201086
0.028859047
0.464649145
0.041324845
0.041324845
0.651665906
0.025138218
0.013291536
0.013291536
0.013291536
0.644429811
0.003474507
0.003474507
0.000140924
0.01569009
0.015583735
0.065872383
0.01569009
0.558068895
0.006089875
0.000891736
0.734976972
0.881308647
0.338174885
0.338174885
0.034270423
0.246719053
0.001259543
0.292719047
0.10682906
0.10682906
0.292719047
0.85335801
0.133606443
0.001382848
0.066130268
0.066130268
0.000671673
0.000671673
0.238080501
0.002960993
0.000383772
8.41615E-05
2.58035E-05
0.000383772
8.41615E-05
3.62415E-05
0.000383772
8.41615E-05
2.58035E-05
0.031272488
0.031272488
0.086692308
0.028240099
0.028240099
0.059504188
0.059504188
4.16699E-05
0.000477005
8.28186E-05
1.60823E-05
7.40296E-05
2.55147E-05
5.46897E-05
0.014388554
0.003882719
0.58653035
0.58653035
7.34621E-05
7.34621E-05
0.18995433
0.18995433
0.087224039
0.087224039
0.007973529
0.00768767
0.00768767
0.012589541
0.001349966
0.000773284
0.000393533
0.001805299
0.004271711
0.001245769
3.46177E-05
0.000671974
0.001943783
0.001943783
0.009170471
0.011565838
0.023626699
0.043917778
0.043917778
0.043917778
0.001630642
0.002296804
4.54838E-05
0.000277089
0.000991741
0.002840441
0.000257762
0.004362124
0.156101954
0.107333031
0.001846204
0.387436054
0.003673634
0.000821621
0.068378485
0.068378485
0.001362367
0.001362367
0.059682386
0.059682386
7.42544E-05
0.105200646
0.807458767
0.807458767
0.00768767
0.00768767
0.00768767
0.00768767
0.00768767
0.00768767
0.00768767
0.00768767
0.00768767
0.00768767
0.00768767
0.00768767
0.561596325
0.000365133
3.37415E-05
0.00020754
0.00020754
0.000365133
8.73275E-05
3.37415E-05
0.00020754
0.000383772
0.004708018
0.000383772
0.000383772
0.000238217
0.001875896
0.965968991
0.00768767
0.00768767
0.292816777
0.00195992
0.983221092
0.185589552
1.29183E-05
0.374150562
0.052684534
0.052684534
0.001544168
0.001544168
0.008176155
0.008176155
0.008176155
4.14698E-05
0.000443502
0.000443502
0.001786047
0.001786047
0.001786047
5.29543E-05
5.29543E-05
5.29543E-05
3.93129E-05
3.93129E-05
0.000170656
0.000170656
8.33672E-05
1.60823E-05
0.000545902
0.017047755
7.09179E-05
0.037714375
0.208998677
0.208998677
0.725224856
0.725224856
0.000260928
0.002059104
0.000123666
0.000326444
0.001066172
0.000339821
0.000141021
0.002212646
4.75874E-05
0.04365607
3.40349E-05
0.000356505
0.044910347
0.044910347
0.467963774
0.467963774
0.028240099
0.028240099
0.09597811
0.001708559
0.001708559
0.147836981
0.147836981
0.011860487
0.011860487
4.20969E-05
0.000519434
4.59263E-05
7.84099E-05
0.000145182
0.001554332
0.004007246
0.004007246
0.000311424
0.005254025
4.35045E-05
6.20279E-05
4.50271E-05
8.94515E-05
0.005179553
0.000115172
0.279602273
0.004490485
0.000154221
6.79459E-05
0.000541195
0.000170656
1.63545E-05
0.000117177
8.7859E-05
2.31431E-05
0.500989799
0.500989799
0.463953134
0.463953134
0.025574902
4.20969E-05
2.56428E-05
2.56428E-05
0.569972133
0.569972133
0.189407871
0.189407871
2.56428E-05
2.56428E-05
0.569972133
0.569972133
0.189407871
0.189407871
2.56428E-05
2.56428E-05
0.569972133
0.569972133
0.189407871
0.189407871
3.55195E-05
3.55195E-05
0.194721859
0.194721859
0.015387048
0.015387048
3.55195E-05
3.55195E-05
0.194721859
0.194721859
0.015387048
0.015387048
6.79459E-05
0.000467097
1.63017E-05
0.000407519
1.60823E-05
0.004323025
3.67582E-05
0.013145879
2.07631E-05
7.55773E-05
9.68022E-05
7.55773E-05
9.68022E-05
0.000153592
0.993613966
0.803343494
0.003116307
0.000564081
0.000378636
5.16398E-05
7.25424E-05
0.000156487
0.000156487
0.467437348
0.467437348
0.687480143
0.687480143
0.007647368
2.29269E-05
0.002254171
0.0003016
8.57705E-05
4.35045E-05
0.001745645
2.58035E-05
2.58035E-05
2.58035E-05
2.58035E-05
0.000676867
0.000237141
0.000237141
0.000237141
0.000676867
0.362815548
3.40349E-05
0.001015698
5.83778E-05
0.000253476
0.006852583
2.49197E-05
2.25232E-05
0.059821069
0.001117971
6.80031E-05
0.010668847
0.010668847
0.010668847
0.010668847
0.010668847
0.010668847
0.001572466
0.001572466
0.001572466
0.001572466
0.008555126
0.008555126
0.000910515
1.63545E-05
1.63545E-05
0.023148673
0.023148673
0.039644223
0.039644223
0.037528756
0.000945045
0.01540392
0.001987965
0.00103568
0.270891486
9.09773E-05
0.031989849
0.003549069
0.000879738
0.000123666
0.004362124
0.053566862
0.000405551
0.975312199
2.49197E-05
0.010412237
1.60823E-05
0.071626514
0.001733243
0.023270277
0.023270277
0.544437618
0.001281576
2.91828E-05
0.004129127
0.004129127
0.100180743
0.000314374
0.00018892
0.003351872
0.000275014
0.475394045
0.416824478
0.416824478
0.243737284
0.059069901
0.000925687
0.003434251
0.003434251
0.828566585
0.375594659
0.000299081
0.010412237
0.507435293
0.023279967
0.219082377
0.000563956
0.607299445
0.925884432
0.000275014
0.023882192
0.000999694
0.000126636
0.00014515
0.003497648
0.000176513
0.000464369
0.000464369
0.002124515
0.002960993
0.006464965
0.324940662
0.006664672
0.080604661
0.043871984
0.618035271
0.050178989
0.1961615
0.1961615
0.1961615
0.202284102
0.202284102
0.832835438
0.343445652
0.53568834
0.802335673
0.650166567
0.091136391
0.091136391
0.015648414
0.015648414
0.73168679
0.783424855
0.835063574
0.000367722
0.000321806
0.009655009
0.261626705
0.261626705
0.022032462
0.000132838
0.107130989
0.000132838
0.080770385
0.080770385
0.011994954
0.003082128
0.005942151
0.000999694
0.129285415
0.129285415
4.54838E-05
0.046565533
0.626072977
0.000200422
0.006831437
0.0640093
3.40349E-05
0.001117971
0.270891486
0.740214073
0.517468676
0.170663489
0.05781513
0.768327903
0.14490496
0.05781513
0.768327903
0.14490496
2.91828E-05
0.528801323
0.683552092
0.001486736
0.00894366
0.001400548
0.000140924
0.000140924
0.710111862
0.578287828
0.888150014
0.122422286
0.099698048
0.178940892
0.178940892
0.744301126
0.744301126
0.744301126
0.032520644
0.197784132
0.398477943
0.249395544
0.289716318
0.043436581
5.42361E-05
0.850155511
0.000214828
0.000214828
0.000214828
0.000214828
0.000214828
0.000834889
0.000834889
0.000193842
1.60823E-05
0.062927575
0.004410985
0.004410985
0.00150319
0.004832882
0.004832882
0.001610004
0.000952696
0.000545902
0.00280488
0.000271176
0.009030712
0.000532944
2.57577E-05
1.85264E-05
1.88503E-05
0.000532944
0.000216575
0.001387002
0.560300237
0.020259688
0.087638181
0.062198524
0.000170411
0.000170411
0.113373854
0.00917536
0.408402278
0.006318638
0.006318638
0.000585463
0.584477583
0.23378319
0.23303884
0.745953824
0.143103954
0.600822756
0.043114338
0.077847156
0.077847156
0.306264423
0.306264423
0.037528756
0.037528756
0.419409179
0.419409179
0.272703144
0.272703144
0.284613039
0.284613039
0.018889129
0.018889129
0.258067258
0.258067258
0.541116528
0.541116528
0.046110231
0.046110231
0.046110231
0.678549236
0.043114338
0.271830719
0.969758387
0.155149171
0.155149171
0.313268401
0.313268401
0.191491914
0.191491914
0.949921624
0.001774549
0.024801559
0.292132392
0.001186288
0.612598318
0.057510664
0.004883555
0.663579951
0.012965164
0.012965164
0.000162239
0.000461241
0.001093413
0.030352898
0.000701693
0.038074017
0.087638181
0.869638638
0.492629436
0.002987547
3.56458E-05
0.056329204
0.056329204
0.204869827
0.204869827
0.388239324
0.388239324
0.037666606
0.037666606
0.000212186
0.000407519
7.15467E-05
3.93129E-05
0.128103932
4.54838E-05
0.001667484
0.430369022
0.236652261
0.742066292
0.742066292
0.967268665
0.332305444
0.197034956
0.673522717
0.000578846
0.258067258
0.657624357
3.4167E-05
0.000207829
0.001128773
0.015802914
0.004482808
0.002740443
0.569099863
0.004557979
0.000756851
2.1353E-05
0.000707612
0.000132838
0.000132838
0.782277666
0.010035322
0.000541424
0.000507875
0.000507875
0.06029161
0.057176496
0.050021001
0.811523858
0.856268454
0.720048386
0.255450963
0.016464782
0.689835143
0.413077931
0.000600136
0.196578747
7.40296E-05
0.001548573
0.001548573
0.000133972
0.000367885
0.602679981
0.952870585
0.087024657
0.293093925
0.002747521
2.24563E-05
0.000170411
0.417463592
0.21895159
0.006930207
0.008239706
0.007313624
2.98024E-05
0.012818605
0.000191078
0.015583735
0.000347282
0.000347282
0.000347282
0.000347282
0.015870287
0.015870287
0.015583735
0.000286641
0.015632524
0.001121673
4.55517E-05
0.000260928
0.001015102
0.006454294
0.001317985
0.007275337
6.1678E-05
6.1678E-05
0.000294197
0.009367499
0.000161846
0.022802844
0.474965455
0.016272114
0.016272114
0.944151961
0.790227549
0.944151961
0.303889703
0.268411114
0.284624158
0.284624158
0.116605805
0.116605805
0.219664611
0.219664611
0.219664611
0.165211708
0.165211708
0.165211708
0.590584682
0.590584682
0.037171837
0.037171837
0.284891241
0.284891241
0.003401301
0.003401301
0.569052897
0.064310749
0.208320129
0.208320129
0.003305239
0.615199652
0.037753816
0.500238951
0.095094057
0.325384872
0.004410985
0.794286095
0.678717124
0.471970484
0.96445971
0.386271825
0.386271825
0.933364527
0.933364527
0.77546413
0.77546413
0.010894221
0.010894221
0.325384872
0.325384872
0.523221013
0.472161816
0.803040573
0.560300237
0.381455866
0.355694334
0.003022782
0.160899544
0.325613276
0.325613276
0.035008209
0.035008209
0.005119912
0.007624535
0.438182534
0.086392479
0.005119912
0.005119912
0.326578476
0.162788037
0.002840764
0.001016471
0.000145351
0.00951747
0.433663522
0.163225441
0.715551999
0.433663522
0.106295501
0.101183519
0.032466647
0.801368611
0.861030605
0.012615087
0.637140793
0.637140793
0.560927753
0.560927753
0.098573637
0.47237225
0.059741258
0.059741258
0.945194987
0.746225822
0.038954911
0.467457951
0.759642801
0.554222502
0.37327684
0.554222502
0.37327684
0.00366326
0.143103954
0.00150319
0.558456436
0.545674667
0.409448636
0.699760077
0.550898098
0.005627992
0.40684397
0.122852191
0.00471055
0.018948329
0.00313754
0.000274189
0.675970702
0.458545682
0.587825682
0.506106851
0.705003273
0.029501362
0.516977227
0.516977227
0.02275913
0.181701669
0.083256064
0.756154102
0.443953532
0.646861457
0.299459917
0.299459917
0.003021268
0.022189973
0.001418614
0.001296407
0.001126455
0.026480462
0.007926166
3.67582E-05
0.500238951
0.500238951
0.025034914
0.025034914
0.025034914
0.341936831
0.725224856
0.341936831
0.606059022
0.85335801
0.094096262
0.788618301
0.729704752
0.6762033
0.392321608
0.006202476
3.73151E-05
0.03152503
8.999E-05
1.63545E-05
0.000125145
1.83732E-05
1.29183E-05
0.673522717
0.382219876
0.194098688
0.000107338
0.003370532
0.003370532
0.002198507
4.35045E-05
0.002859477
0.08060846
0.000453247
0.007948863
0.007948863
0.007948863
0.155519721
0.155519721
0.022054615
0.080525791
0.334497717
0.000477005
0.004007246
0.001676515
0.002287183
0.143442877
0.000230455
0.001177147
0.574987806
0.133101119
0.015181494
0.015181494
0.010412237
0.145712247
0.145712247
0.559077136
0.009410306
0.009410306
0.009410306
0.00768767
0.00768767
0.00768767
0.00768767
0.00768767
0.00768767
0.00768767
0.00768767
0.00768767
0.00768767
0.00768767
0.00768767
0.373784271
0.804106026
0.772381407
0.143065203
0.000558432
0.000558432
0.01333742
0.000145228
0.002782047
0.882928825
0.000897584
4.72477E-05
0.000897584
0.000897584
0.000897584
4.72477E-05
0.000676867
0.000897584
0.001828532
0.001828532
1.63545E-05
1.63545E-05
0.000308335
0.019569207
1.63545E-05
1.63545E-05
0.000308335
0.001828532
0.001828532
1.63545E-05
1.63545E-05
0.000308335
1.63545E-05
1.63545E-05
0.019569207
0.001828532
0.001828532
1.63545E-05
1.63545E-05
0.000308335
0.001828532
0.001828532
1.63545E-05
1.63545E-05
0.000308335
0.001828532
0.001828532
1.60823E-05
0.019569207
0.000308335
0.04011387
0.004399735
0.272452152
3.36337E-05
0.009189453
0.009189453
0.061092907
0.061092907
0.076859847
0.076859847
0.467346638
0.467346638
0.568983125
0.330218465
0.330218465
0.236447703
0.236447703
0.086999552
0.086999552
0.326557238
0.326557238
0.280536352
0.280536352
0.833378251
0.833378251
0.929130801
0.929130801
0.251994682
0.251994682
0.487803268
0.487803268
0.591277788
0.591277788
0.458545682
0.041624959
0.041624959
0.462270642
0.462270642
0.458068703
0.458068703
0.483267741
0.483267741
0.439247114
0.439247114
0.259728908
0.259728908
0.18139621
0.086392479
0.18139621
0.086392479
0.18139621
0.18139621
0.086392479
0.086392479
0.000321806
0.000321806
0.002869161
0.002869161
0.002869161
0.007443971
3.4167E-05
0.007048119
0.005583817
0.199542139
0.146104464
0.028576296
0.085939907
0.311696197
0.237683631
0.008760433
0.000160278
0.068235925
0.047770828
0.175902303
0.028208975
0.013524044
0.035716655
0.284865875
0.57515839
0.746759957
0.746759957
0.265960199
0.370538433
0.370538433
0.280319531
0.280319531
0.000181867
0.000181867
0.280319531
0.000181867
0.370538433
0.280319531
0.000181867
0.370538433
0.946518491
0.946518491
0.265960199
0.946518491
0.946518491
0.265960199
0.946518491
0.946518491
0.265960199
0.729161188
0.158487668
0.749529713
0.265960199
0.71063435
0.71063435
0.005738105
0.239858452
0.239858452
0.16009008
0.16009008
0.00200104
0.001900126
0.265960199
0.279602273
0.411249954
0.387156276
0.00150319
0.028588977
0.099101407
0.596551573
3.4167E-05
0.004654491
7.81896E-05
0.280319531
0.637818302
0.637818302
0.116107144
0.105833894
0.569972133
0.58653035
0.30865846
0.13222884
0.1974821
0.573741694
0.634122264
0.634122264
5.4904E-05
0.017805472
0.000367418
5.27415E-05
0.001020962
0.000104786
0.450193219
0.571670095
0.04626091
0.571670095
0.000125145
0.284205726
0.006930207
0.585325359
0.585325359
0.053617719
0.053617719
0.053571145
0.069564371
0.000231908
0.010894221
0.530859428
0.000740107
0.000436006
0.000352691
0.022485696
0.022485696
0.00107047
0.00107047
8.92527E-05
0.000104969
5.76696E-05
0.000182237
0.000269664
6.70996E-05
0.000821621
0.109865853
0.000260928
0.000831479
0.232501364
0.232501364
0.00289352
0.00289352
0.000355925
0.000879738
7.2427E-05
0.000224876
0.641261154
8.86328E-05
0.000461241
0.000461241
0.000183859
0.000206707
0.000659547
0.000160314
0.001493903
0.387774455
0.000513719
0.00261456
0.948453991
0.31658688
0.31658688
0.355577929
0.468504657
0.526932095
0.87780469
0.828964349
0.592492164
0.126362903
0.312833675
0.765740904
0.126362903
0.126362903
0.043274759
0.001734606
0.00468374
0.24107716
0.432473097
0.0003016
0.008314963
0.000754106
0.000555901
0.000555901
0.262189136
0.262189136
0.024685414
0.592492164
0.624584669
0.273617015
0.870506983
0.870506983
0.870506983
0.000553099
0.00067748
0.004832882
0.025534318
0.039220974
3.4167E-05
0.119198701
0.119198701
0.001564279
1.63545E-05
1.63017E-05
0.000145351
1.60823E-05
1.60823E-05
4.59263E-05
0.001103836
0.000101898
0.410355321
0.410355321
0.053693381
0.531455012
0.681062016
0.681062016
0.594140913
0.594140913
0.296491172
0.110617363
0.110617363
0.000296622
0.019345145
0.817784472